







n_dims = 10
[1,2,3,4,5,6,7,8,9,10]



n_dims = 15
[1,2,3,4,5,6,7,8,9,10,11,12,13]



n_dims = 20
[1,2,3,4,5,6,7,8,9,10,11,13,14]



n_dims = 25
[1,2,3,4,5,6,7,8,9,10,11,12,13,14,16,22,24]













n_dims = 40
[1,2,3,4,5,6,7,8,9,10,11,12,13,14,15,16,18,19,20,22,26,28,31,35,36,37,38,39,40]








n_dims = 50
[1,2,3,4,5,6,7,8,9,10,11,12,13,14,15,17,18,19,21,23,24,25,37,38,39,40,41,42,44,46,47,48,49]
















































n_dims = 100
[1,2,3,4,5,6,7,8,10,11,12,13,14,15,16,17,18,19,20,21,22,23,24,25,27,28,29,30,32,34,35,37,38,45,46,47,48,49,51,53,56,57,58,59,64,65,66,68,69,71,72,73,74,75,77,78,80,81,82,84,85,86,87,88,89,90,91,92,93,94,96,97,98,99,100]